21 24 22
22 24 23
22 23 28
28 23 43
43 23 44
23 24 44
44 24 25
44 25 45
25 26 45
45 26 46
26 27 46
46 27 17
46 17 16
46 16 15
47 46 15
36 47 15
55 36 15
55 15 14
55 14 13
56 55 13
56 13 12
57 56 12
57 12 11
58 57 11
58 11 10
58 10 9
8 58 9
8 59 58
7 59 8
60 59 7
6 60 7
49 60 6
5 49 6
4 49 5
3 32 49
3 49 4
3 42 32
3 37 42
2 37 3
1 37 2
1 18 37
18 19 37
19 38 37
19 20 38
20 39 38
20 21 39
21 22 39
39 22 40
40 22 28
29 28 43
29 43 30
30 43 48
43 44 48
44 45 48
48 45 47
45 46 47
48 47 36
30 48 36
40 28 29
40 29 30
41 40 30
39 40 41
38 39 42
42 39 41
37 38 42
42 41 32
41 30 32
30 36 31
31 36 35
31 35 34
34 35 53
34 53 52
35 36 53
36 54 53
36 55 54
32 30 31
32 31 33
33 31 34
51 33 34
51 34 52
32 33 51
50 32 51
32 50 49
52 64 63
52 53 64
53 54 64
64 54 65
54 55 65
65 55 56
66 65 56
66 56 57
67 66 57
67 57 58
62 52 63
51 52 62
50 51 62
50 62 61
49 50 61
49 61 60
61 68 60
60 68 59
68 67 59
59 67 58
1 69 18
69 70 18
18 70 19
70 71 19
19 71 20
20 71 21
71 72 21
21 72 24
72 73 24
24 73 25
25 73 26
73 74 26
26 74 27
74 75 27
27 75 17
61 62 68
68 62 63
63 67 68
63 64 67
64 66 67
66 64 65

